Números aleatórios de 1 até 50 com 500 linhas
15	
44	
45	
33	
45	
37	
24	
11	
6	
13	
8	
6	
19	
38	
1	
25	
40	
1	
19	
32	
36	
36	
19	
40	
23	
21	
23	
12	
50	
32	
4	
38	
43	
9	
34	
36	
47	
27	
19	
35	
7	
16	
17	
14	
4	
41	
2	
19	
33	
23	
41	
23	
14	
6	
19	
14	
1	
19	
7	
13	
13	
3	
5	
18	
7	
38	
22	
35	
27	
2	
28	
11	
1	
28	
49	
31	
19	
34	
34	
24	
22	
46	
6	
2	
43	
12	
49	
33	
21	
14	
11	
22	
43	
42	
9	
30	
43	
44	
17	
32	
6	
5	
20	
22	
50	
28	
26	
47	
33	
45	
50	
5	
16	
45	
33	
45	
26	
24	
38	
46	
38	
27	
43	
24	
45	
34	
41	
47	
30	
49	
36	
28	
28	
28	
46	
32	
43	
21	
35	
5	
26	
26	
22	
3	
30	
28	
29	
11	
20	
40	
27	
35	
3	
50	
2	
15	
38	
30	
12	
22	
47	
4	
25	
29	
26	
6	
9	
12	
41	
23	
21	
27	
38	
11	
42	
1	
50	
37	
6	
3	
1	
28	
15	
50	
12	
32	
11	
13	
14	
20	
41	
48	
3	
44	
24	
30	
2	
21	
13	
9	
38	
26	
49	
6	
14	
2	
18	
12	
44	
26	
13	
5	
15	
25	
12	
25	
44	
15	
43	
32	
43	
1	
4	
29	
10	
29	
37	
20	
45	
50	
20	
34	
19	
16	
42	
3	
37	
5	
28	
39	
30	
2	
46	
39	
22	
2	
35	
8	
27	
6	
7	
40	
3	
45	
50	
38	
3	
26	
47	
38	
11	
24	
50	
40	
29	
13	
42	
24	
44	
4	
24	
5	
22	
47	
5	
1	
28	
13	
34	
6	
2	
46	
46	
3	
40	
2	
36	
35	
13	
21	
45	
28	
12	
29	
48	
26	
25	
35	
29	
5	
17	
29	
21	
46	
15	
16	
9	
49	
34	
13	
31	
6	
30	
37	
20	
5	
10	
5	
10	
31	
27	
37	
5	
29	
49	
15	
25	
7	
36	
27	
13	
25	
19	
16	
35	
12	
30	
30	
8	
45	
21	
50	
25	
7	
19	
47	
39	
2	
48	
1	
37	
43	
50	
42	
37	
47	
18	
29	
44	
18	
46	
14	
2	
48	
28	
35	
48	
22	
30	
5	
27	
42	
24	
38	
3	
47	
23	
18	
42	
2	
40	
19	
14	
26	
16	
7	
5	
14	
14	
2	
7	
45	
49	
5	
19	
16	
26	
6	
28	
14	
38	
39	
2	
9	
33	
28	
13	
22	
1	
36	
8	
5	
5	
40	
23	
15	
32	
22	
11	
7	
49	
39	
27	
48	
21	
20	
27	
35	
12	
2	
29	
34	
4	
27	
3	
42	
11	
15	
29	
16	
6	
42	
45	
44	
24	
5	
50	
28	
21	
40	
27	
17	
19	
2	
33	
27	
25	
35	
48	
1	
39	
10	
43	
16	
20	
1	
3	
7	
6	
42	
47	
4	
3	
47	
4	
32	
6	
3	
14	
31	
2	
13	
43	
44	
20	
4	
46	
21	
9	
40	
28	
22	
20	
22	
45	
19	
38	
33	
3	
8	

